Label     Latitude       Longitude      X_ECEF (m)          Y_ECEF (m)          Z_ECEF (m)          
----------------------------------------------------------------------------------------------------
b_1       34.067872      72.639617      1578150.014         5048112.205         3552685.496         
b_2       34.069384      72.641128      1577988.823         5048064.105         3552824.502         
b_3       34.068152      72.643520      1577800.922         5048203.041         3552711.304         
b_4       34.069041      72.643285      1577805.127         5048143.852         3552792.987         
b_5       34.069838      72.641258      1577968.932         5048040.818         3552866.144         
b_6       34.070870      72.640763      1577993.477         5047965.933         3552960.999         
b_7       34.070304      72.641932      1577900.915         5048031.697         3552909.022         
b_8       34.070527      72.642821      1577818.477         5048042.939         3552929.521         
b_9       34.069591      72.642266      1577884.736         5048083.201         3552843.469         
b_10      34.071293      72.643579      1577737.518         5048018.411         3552999.849         
b_11      34.070213      72.645622      1577577.529         5048138.700         3552900.651         
b_12      34.071637      72.645030      1577603.288         5048037.954         3553031.473         
b_13      34.071715      72.645697      1577543.064         5048051.692         3553038.645         
b_14      34.072396      72.646279      1577479.174         5048027.315         3553101.224         
b_15      34.072479      72.642513      1577809.408         5047918.708         3553108.842         
b_16      34.072257      72.644808      1577611.317         5047995.059         3553088.466         
b_17      34.071407      72.646682      1577461.992         5048097.068         3553010.362         
b_18      34.071994      72.646539      1577463.733         5048058.345         3553064.242         
b_19      34.071060      72.641330      1577939.965         5047970.268         3552978.488         
b_20      34.069872      72.643965      1577729.876         5048113.331         3552869.258         
h_1       34.068454      72.639510      1578148.650         5048074.705         3552739.025         
h_2       34.068519      72.640352      1578073.277         5048094.068         3552744.953         
h_3       34.069133      72.639465      1578139.974         5048033.232         3552801.387         
h_4       34.069200      72.640326      1578062.862         5048052.954         3552807.575         
h_5       34.069594      72.639417      1578135.719         5048004.563         3552843.726         
h_6       34.069659      72.640278      1578058.668         5048024.395         3552849.732         
h_7       34.070273      72.639352      1578128.803         5047962.465         3552906.191         
h_8       34.070323      72.640208      1578052.445         5047983.079         3552910.787         
h_9       34.070352      72.641127      1577970.980         5048006.711         3552913.374         
s_1       34.072278      72.647422      1577380.663         5048065.755         3553090.418         
s_2       34.072477      72.648105      1577316.806         5048072.815         3553108.614         
s_3       34.073000      72.648113      1577306.389         5048041.999         3553156.694         
s_4       34.073469      72.648550      1577259.166         5048026.230         3553199.770         
s_5       34.072941      72.649372      1577196.537         5048080.152         3553151.290         
s_6       34.073422      72.649701      1577158.697         5048060.635         3553195.517         
