0 0.303240 0.514787 0.415297 0.514787 0.415297 0.635343 0.303240 0.635343
1 0.553132 0.128351 0.609493 0.112661 0.619748 0.229084 0.563388 0.244775
2 0.847376 0.551741 0.924263 0.540743 0.928968 0.644694 0.852081 0.655692
4 0.546990 0.000370 0.674844 0.000370 0.674844 0.112620 0.546990 0.112620
3 0.783540 0.222667 0.934902 0.192960 0.951345 0.457749 0.799984 0.487457
8 0.671250 0.032037 0.807448 0.032037 0.807448 0.272444 0.671250 0.272444
20 0.294063 0.329528 0.408438 0.329528 0.408438 0.484231 0.294063 0.484231
25 0.423875 0.014120 0.531193 0.014120 0.531193 0.138676 0.423875 0.138676
24 0.304521 0.009130 0.411937 0.009130 0.411937 0.129389 0.304521 0.129389
23 0.423443 0.145250 0.528292 0.145250 0.528292 0.284481 0.423443 0.284481
22 0.303042 0.148667 0.417031 0.148667 0.417031 0.279380 0.303042 0.279380
21 0.410359 0.336120 0.526141 0.336120 0.526141 0.481102 0.410359 0.481102
19 0.926833 0.044046 1.000000 0.044046 1.000000 0.190028 0.926833 0.190028
